553
455
334
670
421
475
551
378
447
236
636
438
379
384
258
725
544
471
369
371
485
576
480
519
359
691
545
494
493
551
478
385
504
587
349
383
537
495
584
261
648
479
486
546
491
354
463
477
450
429
504
387
644
397
406
567
545
353
648
461
528
387
483
347
702
443
671
430
331
506
554
515
488
590
460
614
284
427
385
491
552
673
436
304
540
356
252
352
600
311
434
360
525
595
301
615
499
262
453
469
427
557
240
601
510
538
606
636
449
421
456
534
633
592
350
440
509
229
481
376
535
390
404
533
601
280
572
568
584
484
354
646
455
354
498
326
634
645
477
563
574
547
284
401
388
304
497
670
593
739
373
433
645
470
317
334
489
386
424
373
228
445
515
595
512
379
585
513
576
365
361
686
675
491
723
433
326
561
408
426
518
267
484
469
384
321
527
585
572
382
409
602
155
380
901
656
363
499
718
386
622
522
572
494
509
419
541
404
447
533
463
364
450
297
527
378
615
621
550
274
442
468
512
344
582
446
316
474
369
468
445
535
515
533
534
360
605
478
674
545
601
269
345
378
510
490
679
391
217
359
685
337
401
518
393
407
334
483
357
387
394
263
538
493
420
560
420
469
636
452
311
237
535
737
408
467
529
539
475
571
625
670
569
524
459
733
335
376
382
519
508
477
448
631
612
608
421
468
657
340
509
599
421
439
331
396
731
481
741
407
237
487
446
398
427
305
360
527
327
497
422
479
507
497
445
508
297
445
502
293
440
514
497
405
410
402
488
338
557
435
361
314
581
552
467
390
729
388
518
578
320
308
366
664
607
578
352
521
298
519
741
233
494
640
473
566
878
541
382
469
539
571
627
409
418
513
452
460
454
513
241
484
370
404
689
440
585
388
470
580
453
385
660
258
531
372
268
521
359
420
360
529
311
634
566
354
576
405
587
550
734
680
465
630
373
395
393
592
454
376
475
460
404
262
656
515
550
385
524
422
415
586
330
604
350
415
378
622
291
242
546
474
469
602
667
573
597
550
547
310
490
607
435
631
504
718
445
557
475
554
466
543
461
495
622
599
381
562
583
351
480
422
440
491
311
448
596
485
566
438
329
643
472
469
361
481
168
500
434
472
479
524
283
600
383
430
602
445
631
464
475
481
379
470
417
394
623
534
702
365
300
470
319
656
373
482
487
510
508
382
461
588
493
529
492
450
510
556
496
335
438
439
569
476
620
506
524
382
496
426
602
526
353
344
515
429
619
535
484
384
632
427
389
403
751
636
455
588
480
657
459
374
531
700
507
690
548
406
511
520
706
433
431
411
500
431
555
499
674
388
444
287
704
501
431
527
349
658
524
330
575
394
437
712
626
675
274
600
413
306
514
434
402
736
597
515
745
414
663
427
377
421
546
573
520
627
398
372
442
603
448
393
673
378
534
406
408
423
501
352
724
179
534
528
482
446
408
402
384
445
576
374
259
454
504
690
182
324
533
229
592
470
629
524
455
444
508
564
484
574
476
302
429
380
444
666
554
627
534
326
440
453
470
426
730
419
475
582
581
232
375
723
214
576
622
634
542
752
633
546
509
437
338
656
468
593
383
491
477
527
703
504
502
380
462
399
550
378
522
496
413
690
560
512
271
378
433
387
405
581
448
595
465
372
464
549
584
628
136
395
363
462
494
289
580
629
550
499
308
378
552
447
582
278
325
466
191
465
714
601
506
290
315
389
353
505
294
501
746
445
343
474
331
429
335
454
495
658
513
695
525
411
566
541
401
527
357
598
443
434
649
622
598
315
525
541
395
480
527
526
508
335
394
654
475
371
409
508
505
215
447
504
505
518
540
722
545
399
588
529
478
433
515
584
654
402
354
520
409
641
550
621
448
606
538
429
534
406
445
574
467
343
545
365
619
369
487
448
529
433
642
511
445
320
411
644
435
313
380
385
354
311
382
541
283
287
292
503
416
423
588
476
411
614
451
377
256
514
591
626
668
460
574
434
470
448
297
463
626
649
566
565
422
326
573
661
578
505
562
425
535
512
457
517
519
559
303
343
248
610
473
591
672
574
245
704
682
581
748
134
591
536
404
527
637
579
362
643
490
341
499
489
404
634
568
405
424
637
569
354
482
351
469
321
274
593
267
651
569
373
471
542
566
643
399
457
380
378
682
544
543
536
405
350
593
502
477
394
411
783
452
451
381
434
493
471
438
667
482
575
779
512
515
479
386
434
512
462
536
380
565
307
630
297
537
398
502
571
355
414
484
487
601
462
525
442
522
454
527
532
485
591
409
423
550
465
576
462
459
570
494
227
613
540
508
424
413
355
282
534
847
328
409
315
679
287
397
434
545
422
447
673
423
672
441
434
432
534
388
517
245
480
509
510
470
558
674
129
454
253
343
625
392
310
491
608
363
438
657
385
541
784
476
349
606
553
613
461
482
552
394
589
387
500
487
693
454
568
420
699
554
484
442
350
569
437
369
507
442
376
390
286
568
567
532
394
309
935
603
503
435
285
412
595
664
485
414
596
376
600
505
473
382
536
561
397
414
348
473
552
408
753
340
479
764
376
566
376
105
421
289
476
658
468
466
616
414
596
511
416
596
500
348
408
457
462
389
471
572
512
474
383
418
436
424
340
505
595
226
456
293
670
567
462
490
547
373
393
525
709
588
550
496
685
575
407
644
580
254
466
320
382
716
216
309
559
537
351
493
431
338
475
404
465
466
525
429
465
495
478
414
409
519
404
468
475
679
605
569
580
404
391
510
391
487
261
274
535
515
502
646
511
339
308
524
503
599
580
560
483
317
536
603
640
633
636
676
407
261
705
503
510
394
573
535
331
475
486
482
438
642
468
638
440
566
593
440
363
610
625
362
426
471
396
522
654
653
528
400
338
283
463
292
792
635
551
443
482
497
501
453
480
585
459
634
357
622
523
576
440
419
695
409
616
460
712
695
543
334
640
378
229
236
439
486
531
437
335
644
571
370
402
671
449
528
590
799
347
546
655
436
614
349
756
414
538
394
444
589
486
405
518
540
524
434
411
407
396
608
344
466
560
312
635
481
632
585
511
510
488
475
663
427
352
682
198
384
658
498
540
451
500
321
471
580
392
442
495
542
622
535
556
374
378
444
455
598
314
389
467
486
534
410
457
584
352
740
327
480
400
768
466
569
483
630
517
294
558
634
360
540
284
506
584
306
728
518
281
571
317
513
596
564
354
459
431
600
470
461
517
491
568
495
611
531
288
338
408
531
545
501
604
627
423
542
476
584
559
563
338
570
630
440
444
282
604
708
468
550
428
452
713
377
638
378
549
556
610
492
492
531
465
478
526
522
332
453
339
491
457
534
295
421
241
196
348
621
704
382
519
393
334
715
448
492
528
408
592
568
606
362
432
525
435
595
574
454
366
477
301
719
329
294
504
364
578
562
321
440
532
665
623
460
340
372
348
461
422
719
395
539
431
604
528
706
670
578
393
330
721
427
342
476
381
496
222
369
219
633
132
481
652
637
686
466
581
543
558
474
375
393
363
242
493
431
542
343
470
378
558
533
435
480
614
513
436
420
382
374
563
392
541
448
536
537
658
799
355
614
455
565
409
541
370
372
508
522
392
400
614
333
430
459
466
573
646
344
497
551
426
546
470
414
415
371
455
536
380
780
322
292
349
271
659
382
388
468
375
439
407
667
537
384
518
653
446
372
360
184
475
524
442
503
624
504
456
457
421
478
599
499
566
529
544
525
639
612
511
541
686
622
378
287
412
251
511
684
390
401
505
421
465
589
602
621
482
397
635
591
364
437
509
419
575
412
467
289
327
388
580
539
246
523
503
411
298
324
565
570
356
550
483
531
693
602
363
390
821
549
289
668
487
596
258
443
505
422
606
509
624
528
533
327
486
520
465
497
318
594
515
509
656
442
638
418
187
387
601
501
687
456
415
464
443
511
330
519
637
479
477
490
544
269
549
563
570
571
662
289
652
292
503
113
651
533
498
366
477
358
608
633
577
755
442
518
562
591
487
427
549
586
365
525
388
716
504
641
430
454
514
502
477
434
451
649
594
537
592
638
497
604
509
538
212
624
528
362
271
550
463
361
647
523
430
420
619
324
752
328
456
605
487
487
503
503
536
247
321
544
522
686
579
552
292
426
337
570
418
331
749
618
537
150
361
543
482
451
227
460
432
515
353
458
526
651
498
479
291
371
334
214
339
351
436
460
414
610
709
351
644
577
408
487
492
473
501
545
617
560
596
613
582
603
509
575
596
438
450
377
308
557
414
458
576
485
435
493
205
341
445
521
482
481
750
509
523
643
375
477
556
533
658
721
426
622
284
508
475
526
397
336
549
634
591
486
500
556
359
410
672
641
552
391
424
545
531
335
562
634
451
469
600
658
509
632
473
448
589
403
560
434
297
570
591
430
568
393
347
747
505
504
582
766
561
510
428
572
452
410
433
332
438
524
622
254
477
802
715
354
682
547
519
237
512
598
543
706
329
654
443
560
539
440
513
620
355
436
447
387
469
516
323
513
461
418
440
390
345
484
447
616
350
464
735
604
458
723
339
417
588
514
459
289
508
733
445
483
495
530
508
478
311
450
480
451
472
585
520
296
389
475
543
418
328
374
370
389
298
543
414
406
245
612
444
444
558
524
689
552
550
353
399
415
528
355
315
523
346
559
609
580
460
553
570
598
614
662
502
463
421
387
605
402
599
738
569
505
380
381
463
623
339
361
447
523
527
416
369
331
275
548
867
501
588
432
417
697
447
448
535
546
678
566
684
506
500
576
634
579
492
237
295
452
305
351
349
726
521
470
594
354
480
461
633
524
546
506
470
444
642
372
613
322
290
644
484
439
535
544
461
631
335
530
572
626
542
419
483
370
392
524
294
472
610
418
520
443
505
543
378
273
468
515
341
465
410
518
661
616
249
714
537
678
565
470
505
564
683
492
430
516
604
520
441
285
585
255
377
551
623
612
221
418
525
425
443
562
394
507
631
621
432
564
434
620
605
423
606
305
492
369
624
465
487
281
515
402
461
344
430
239
254
615
616
446
477
477
666
484
433
458
416
590
332
391
533
439
556
560
518
499
574
580
632
490
563
286
486
456
340
470
446
380
587
397
376
399
555
657
399
348
457
470
526
465
503
383
416
389
417
446
370
313
357
607
375
408
506
274
489
780
654
500
673
416
443
374
589
396
496
324
400
382
473
527
473
538
332
668
512
499
606
557
548
420
481
520
556
578
541
731
430
496
580
471
531
414
737
261
598
457
411
303
708
558
476
469
418
429
496
412
624
277
555
555
496
373
483
556
618
510
428
407
409
420
516
520
281
362
347
465
546
408
392
488
505
569
663
371
414
485
527
564
323
563
519
665
343
312
260
651
456
604
599
537
560
245
511
289
433
529
536
494
657
482
372
525
508
618
475
626
568
501
429
430
295
522
472
476
418
388
321
526
539
469
453
594
448
576
514
596
511
529
414
479
368
396
516
332
403
468
544
497
469
435
382
455
424
392
625
543
569
645
427
565
231
516
583
554
585
505
328
667
607
482
378
696
736
306
615
367
410
617
668
547
449
406
426
462
631
567
654
782
691
568
620
579
550
424
416
510
451
571
484
569
539
449
442
523
646
504
411
331
413
519
391
317
420
363
253
635
461
469
611
369
385
447
355
385
362
442
500
596
307
468
310
522
507
625
524
506
585
272
619
382
502
508
458
590
531
446
684
613
626
435
663
683
504
658
507
334
421
622
142
428
617
700
633
597
579
615
518
518
482
241
419
449
484
499
295
574
187
474
555
426
404
431
478
694
251
337
697
366
355
529
313
550
385
608
652
478
783
641
514
515
353
541
423
605
549
407
383
612
614
407
455
591
346
554
385
558
483
346
512
409
471
505
460
361
410
493
433
519
223
304
638
547
532
519
325
754
566
542
468
554
555
366
440
409
360
582
400
441
420
385
524
407
490
397
594
441
587
418
276
685
452
456
471
475
464
574
295
596
617
465
530
179
439
423
500
543
411
377
496
248
356
546
470
538
634
509
344
528
298
366
391
547
383
451
499
551
412
489
480
265
425
434
518
539
466
573
586
485
493
488
649
634
328
478
525
592
578
514
595
432
509
664
426
370
191
475
214
441
488
753
541
655
611
618
485
597
445
246
388
425
729
502
362
690
262
610
569
397
456
342
485
362
681
674
307
489
304
547
383
494
473
686
514
468
334
576
415
534
652
628
220
481
304
509
519
646
781
743
617
604
353
470
390
457
615
476
244
447
276
441
465
409
525
398
573
685
528
540
555
358
512
541
383
456
579
489
439
496
506
592
568
425
732
410
687
649
527
314
671
774
516
559
442
320
603
388
528
565
473
207
564
809
348
446
483
463
380
404
564
376
500
535
342
416
662
530
504
582
430
506
481
423
273
510
251
571
551
481
754
646
416
555
564
537
642
601
550
518
413
517
747
560
516
491
612
381
521
612
588
466
453
337
657
533
416
605
376
315
385
508
506
434
305
152
439
408
547
611
309
455
511
568
486
385
557
436
547
612
437
476
507
510
458
748
543
493
624
449
498
236
303
486
294
543
499
555
422
671
417
204
435
433
448
468
438
462
453
440
298
440
451
590
683
578
497
495
570
576
403
556
353
394
574
641
550
460
216
626
424
655
353
415
467
436
417
571
416
520
381
395
541
537
121
540
406
581
385
591
583
313
515
436
489
408
337
447
497
558
555
420
527
393
396
498
505
384
578
521
425
715
311
288
445
443
402
440
706
377
555
476
459
551
673
465
357
428
485
495
562
241
458
468
389
448
426
568
464
587
536
513
655
423
341
460
677
514
326
399
460
465
497
305
569
542
424
637
240
396
450
449
320
442
404
358
385
647
388
586
585
643
526
540
355
402
423
629
204
618
300
306
306
287
200
465
609
368
408
353
204
358
508
518
385
631
458
385
586
303
397
533
430
569
547
641
473
456
363
541
379
439
369
395
644
533
427
477
563
565
423
161
317
687
543
517
677
474
461
459
465
495
373
601
391
364
602
629
305
482
491
626
479
337
510
635
433
525
644
375
527
416
635
463
508
425
389
351
583
476
445
471
309
522
450
336
481
376
377
567
600
585
372
495
372
358
602
487
597
569
623
504
413
539
430
437
400
493
456
568
197
448
377
561
601
334
452
423
497
374
390
429
554
534
433
372
559
480
561
323
275
415
613
556
605
546
502
780
499
555
497
359
639
506
617
714
619
777
407
457
443
516
682
259
359
470
532
386
632
628
494
617
388
506
353
451
508
347
588
311
501
399
287
396
453
605
380
445
416
588
345
569
433
436
456
553
496
496
426
421
505
525
543
515
316
422
661
649
690
533
500
678
700
431
392
255
584
458
600
379
374
502
640
526
642
530
309
396
462
591
124
562
586
546
501
473
429
412
628
396
453
437
381
625
658
362
302
378
352
589
354
542
358
258
503
623
513
539
408
310
461
398
441
408
478
517
320
417
505
398
578
439
556
444
404
514
275
546
641
655
411
609
575
638
498
597
423
678
536
411
375
416
581
402
552
543
552
620
530
504
447
508
431
375
397
562
194
579
502
225
481
509
340
636
538
600
510
556
580
706
525
580
610
495
367
592
666
404
348
465
379
517
504
485
498
573
556
472
431
457
634
424
576
511
413
601
483
371
483
587
502
279
383
281
655
506
526
453
504
311
392
543
473
621
456
599
655
559
449
687
598
325
517
474
502
315
453
376
439
431
600
438
415
402
537
533
369
536
455
279
519
477
279
407
245
420
530
345
635
460
506
584
305
290
339
657
440
601
782
407
358
290
545
407
544
406
447
577
431
620
365
361
547
574
569
689
589
442
573
394
502
434
502
620
655
595
386
372
558
582
434
545
586
523
479
386
450
626
573
497
589
463
473
604
505
345
672
576
353
558
376
518
473
426
548
468
420
742
381
608
555
531
424
342
711
498
508
586
564
576
314
392
367
637
467
379
407
503
509
367
344
459
598
661
693
283
391
506
525
562
617
553
547
468
412
260
608
421
595
415
638
400
689
457
602
444
573
312
450
657
474
524
472
533
594
537
479
408
588
437
588
405
486
332
358
529
468
650
553
455
334
670
421
475
551
378
447
236
636
438
379
384
258
725
544
471
369
371
485
576
480
519
359
691
545
494
493
551
478
385
504
587
349
383
537
495
584
261
648
479
486
546
491
354
463
477
450
429
504
387
644
397
406
567
545
353
648
461
528
387
483
347
702
443
671
430
331
506
554
515
488
590
460
614
284
427
385
491
552
673
436
304
540
356
252
352
600
311
434
360
525
595
301
615
499
262
453
469
427
557
240
601
510
538
606
636
449
421
456
534
633
592
350
440
509
229
481
376
535
390
404
533
601
280
572
568
584
484
354
646
455
354
498
326
634
645
477
563
574
547
284
401
388
304
497
670
593
739
373
433
645
470
317
334
489
386
424
373
228
445
515
595
512
379
585
513
576
365
361
686
675
491
723
433
326
561
408
426
518
267
484
469
384
321
527
585
572
382
409
602
155
380
901
656
363
499
718
386
622
522
572
494
509
419
541
404
447
533
463
364
450
297
527
378
615
621
550
274
442
468
512
344
582
446
316
474
369
468
445
535
515
533
534
360
605
478
674
545
601
269
345
378
510
490
679
391
217
359
685
337
401
518
393
407
334
483
357
387
394
263
538
493
420
560
420
469
636
452
311
237
535
737
408
467
529
539
475
571
625
670
569
524
459
733
335
376
382
519
508
477
448
631
612
608
421
468
657
340
509
599
421
439
331
396
731
481
741
407
237
487
446
398
427
305
360
527
327
497
422
479
507
497
445
508
297
445
502
293
440
514
497
405
410
402
488
338
557
435
361
314
581
552
467
390
729
388
518
578
320
308
366
664
607
578
352
521
298
519
741
233
494
640
473
566
878
541
382
469
539
571
627
409
418
513
452
460
454
513
241
484
370
404
689
440
585
388
470
580
453
385
660
258
531
372
268
521
359
420
360
529
311
634
566
354
576
405
587
550
734
680
465
630
373
395
393
592
454
376
475
460
404
262
656
515
550
385
524
422
415
586
330
604
350
415
378
622
291
242
546
474
469
602
667
573
597
550
547
310
490
607
435
631
504
718
445
557
475
554
466
543
461
495
622
599
381
562
583
351
480
422
440
491
311
448
596
485
566
438
329
643
472
469
361
481
168
500
434
472
479
524
283
600
383
430
602
445
631
464
475
481
379
470
417
394
623
534
702
365
300
470
319
656
373
482
487
510
508
382
461
588
493
529
492
450
510
556
496
335
438
439
569
476
620
506
524
382
496
426
602
526
353
344
515
429
619
535
484
384
632
427
389
403
751
636
455
588
480
657
459
374
531
700
507
690
548
406
511
520
706
433
431
411
500
431
555
499
674
388
444
287
704
501
431
527
349
658
524
330
575
394
437
712
626
675
274
600
413
306
514
434
402
736
597
515
745
414
663
427
377
421
546
573
520
627
398
372
442
603
448
393
673
378
534
406
408
423
501
352
724
179
534
528
482
446
408
402
384
445
576
374
259
454
504
690
182
324
533
229
592
470
629
524
455
444
508
564
484
574
476
302
429
380
444
666
554
627
534
326
440
453
470
426
730
419
475
582
581
232
375
723
214
576
622
634
542
752
633
546
509
437
338
656
468
593
383
491
477
527
703
504
502
380
462
399
550
378
522
496
413
690
560
512
271
378
433
387
405
581
448
595
465
372
464
549
584
628
136
395
363
462
494
289
580
629
550
499
308
378
552
447
582
278
325
466
191
465
714
601
506
290
315
389
353
505
294
501
746
445
343
474
331
429
335
454
495
658
513
695
525
411
566
541
401
527
357
598
443
434
649
622
598
315
525
541
395
480
527
526
508
335
394
654
475
371
409
508
505
215
447
504
505
518
540
722
545
399
588
529
478
433
515
584
654
402
354
520
409
641
550
621
448
606
538
429
534
406
445
574
467
343
545
365
619
369
487
448
529
433
642
511
445
320
411
644
435
313
380
385
354
311
382
541
283
287
292
503
416
423
588
476
411
614
451
377
256
514
591
626
668
460
574
434
470
448
297
463
626
649
566
565
422
326
573
661
578
505
562
425
535
512
457
517
519
559
303
343
248
610
473
591
672
574
245
704
682
581
748
134
591
536
404
527
637
579
362
643
490
341
499
489
404
634
568
405
424
637
569
354
482
351
469
321
274
593
267
651
569
373
471
542
566
643
399
457
380
378
682
544
543
536
405
350
593
502
477
394
411
783
452
451
381
434
493
471
438
667
482
575
779
512
515
479
386
434
512
462
536
380
565
307
630
297
537
398
502
571
355
414
484
487
601
462
525
442
522
454
527
532
485
591
409
423
550
465
576
462
459
570
494
227
613
540
508
424
413
355
282
534
847
328
409
315
679
287
397
434
545
422
447
673
423
672
441
434
432
534
388
517
245
480
509
510
470
558
674
129
454
253
343
625
392
310
491
608
363
438
657
385
541
784
476
349
606
553
613
461
482
552
394
589
387
500
487
693
454
568
420
699
554
484
442
350
569
437
369
507
442
376
390
286
568
567
532
394
309
935
603
503
435
285
412
595
664
485
414
596
376
600
505
473
382
536
561
397
414
348
473
552
408
753
340
479
764
376
566
376
105
421
289
476
658
468
466
616
414
596
511
416
596
500
348
408
457
462
389
471
572
512
474
383
418
436
424
340
505
595
226
456
293
670
567
462
490
547
373
393
525
709
588
550
496
685
575
407
644
580
254
466
320
382
716
216
309
559
537
351
493
431
338
475
404
465
466
525
429
465
495
478
414
409
519
404
468
475
679
605
569
580
404
391
510
391
487
261
274
535
515
502
646
511
339
308
524
503
599
580
560
483
317
536
603
640
633
636
676
407
261
705
503
510
394
573
535
331
475
486
482
438
642
468
638
440
566
593
440
363
610
625
362
426
471
396
522
654
653
528
400
338
283
463
292
792
635
551
443
482
497
501
453
480
585
459
634
357
622
523
576
440
419
695
409
616
460
712
695
543
334
640
378
229
236
439
486
531
437
335
644
571
370
402
671
449
528
590
799
347
546
655
436
614
349
756
414
538
394
444
589
486
405
518
540
524
434
411
407
396
608
344
466
560
312
635
481
632
585
511
510
488
475
663
427
352
682
198
384
658
498
540
451
500
321
471
580
392
442
495
542
622
535
556
374
378
444
455
598
314
389
467
486
534
410
457
584
352
740
327
480
400
768
466
569
483
630
517
294
558
634
360
540
284
506
584
306
728
518
281
571
317
513
596
564
354
459
431
600
470
461
517
491
568
495
611
531
288
338
408
531
