508 512
245 374
42 417
391 464
333 335
467 511
110 419
450 492
225 301
261 338
307 467
15 367
169 413
308 315
230 257
95 116
175 262
240 368
221 229
145 377
404 444
256 358
242 256
376 452
236 344
373 460
171 313
152 409
93 492
167 364
74 224
448 496
162 433
376 453
302 318
246 381
146 418
110 482
264 335
155 231
56 141
498 502
145 182
451 475
482 488
237 326
356 374
257 467
487 493
139 183
322 424
229 445
77 448
117 360
362 481
215 504
337 423
209 278
33 77
208 259
500 504
165 339
122 388
145 289
317 370
41 154
370 463
499 511
282 295
222 266
8 461
476 493
392 430
332 365
72 122
371 511
1 428
33 228
366 491
295 505
321 413
325 416
422 459
364 461
169 484
239 293
119 157
183 508
210 480
445 483
5 321
0 320
427 494
330 457
324 461
379 388
54 450
469 504
362 446
172 341
14 344
366 454
378 500
61 379
342 369
329 376
63 115
329 465
153 438
429 461
121 382
411 424
469 471
74 189
426 443
366 369
168 509
455 483
292 353
353 390
458 476
393 406
289 393
430 457
202 431
333 482
130 260
316 490
500 505
108 119
43 222
64 465
382 480
41 248
66 156
503 506
14 403
8 471
188 255
7 244
127 494
457 468
182 187
430 445
361 503
308 367
476 489
108 298
144 477
127 218
505 512
422 438
4 512
221 389
356 468
356 454
275 404
211 441
85 219
458 493
15 318
21 166
55 134
177 459
337 367
446 506
98 389
280 499
447 454
111 503
456 492
299 361
407 471
69 393
246 358
451 508
253 468
370 425
219 329
268 371
209 362
292 508
152 255
292 425
128 240
47 462
81 170
308 323
155 361
374 477
481 488
130 265
440 495
372 378
488 498
174 299
27 376
44 467
62 436
182 220
