12 123
52 84
74 126
17 68
98 127
115 116
11 22
45 90
2 29
92 115
86 99
0 70
115 122
96 117
64 128
71 76
125 127
26 64
55 126
40 67
45 58
44 124
59 96
48 69
3 45
61 75
109 112
109 112
41 45
47 53
52 127
1 106
116 122
81 106
7 78
52 76
26 28
83 97
17 26
48 111
40 64
81 127
88 113
44 120
67 73
55 63
100 101
89 128
11 91
57 74
4 98
46 128
20 78
73 88
31 91
39 112
107 121
87 101
57 71
20 99
102 106
113 115
6 79
11 53
81 89
6 65
26 41
110 118
123 128
107 118
90 119
83 96
103 111
93 103
66 89
1 81
57 82
36 119
96 109
8 74
86 92
69 113
82 87
64 121
49 74
110 118
9 73
8 51
10 97
51 59
109 115
28 96
43 50
79 126
20 109
5 27
41 117
107 127
102 110
118 126
63 80
7 12
48 67
77 128
41 84
90 106
14 102
60 91
57 71
16 115
4 74
36 65
98 124
96 101
84 128
80 122
81 85
40 73
83 111
20 31
29 54
59 82
109 119
112 116
126 128
25 46
29 31
97 127
2 111
91 107
44 75
75 91
5 62
49 128
42 78
116 123
63 65
57 61
3 8
27 54
37 80
51 54
45 121
73 98
91 104
12 19
57 70
41 59
39 90
103 111
126 127
6 21
31 121
10 107
9 112
88 120
2 40
0 93
123 124
58 109
30 47
70 79
12 14
3 101
69 93
96 127
33 67
44 126
43 117
69 83
44 78
98 108
111 115
0 70
4 92
77 81
86 110
6 127
21 109
116 125
35 39
54 128
11 115
72 102
125 126
15 107
98 101
2 87
9 12
22 28
60 89
59 114
82 118
110 114
50 80
112 115
100 116
74 103
77 91
45 103
