50 181
208 252
206 253
173 185
156 197
212 249
137 227
106 215
204 244
84 231
103 200
160 187
13 117
153 199
67 215
179 189
246 255
112 154
135 219
78 203
21 136
72 122
214 248
133 255
183 224
250 251
222 243
110 130
31 236
175 244
141 212
202 205
250 254
36 48
247 253
135 229
6 206
11 220
203 225
89 254
132 158
34 229
27 191
131 166
32 176
210 213
236 243
122 216
39 71
34 193
25 117
86 243
200 246
137 215
75 209
119 244
26 183
18 184
180 190
117 130
157 193
136 192
202 241
94 147
151 177
229 243
150 253
14 166
103 146
166 212
9 78
156 179
202 256
126 154
251 254
48 179
59 155
32 246
159 239
66 238
147 200
56 166
112 235
174 221
230 237
4 118
114 122
12 142
182 244
55 217
233 244
234 250
218 244
76 229
80 223
205 256
170 218
23 248
209 226
201 223
143 231
34 92
160 213
137 156
179 193
121 148
88 247
94 134
24 204
123 133
88 239
72 153
202 236
170 194
230 247
78 242
14 43
21 44
87 150
182 234
39 200
154 196
100 106
178 223
94 239
236 239
105 215
30 196
39 178
192 255
66 159
197 237
74 145
114 205
196 246
162 203
129 230
223 243
58 224
114 237
248 253
189 220
139 235
113 186
222 252
123 152
54 191
121 181
247 252
18 76
242 244
170 197
11 252
124 190
254 255
225 233
64 141
194 230
86 244
148 256
246 251
40 255
45 124
152 213
18 26
102 166
54 189
158 231
18 74
232 246
122 225
31 105
179 192
17 96
56 153
136 255
13 235
138 232
240 245
186 209
245 248
218 249
214 255
161 175
211 253
141 158
92 219
9 101
73 178
155 168
13 224
151 225
61 241
24 37
38 41
192 208
155 235
153 208
197 231
180 216
